8	295
28	1387
43	4
48	192
61	12
64	6
66	6
92	1
96	24
111	818
122	144
123	18
127	141
145	26
154	3
156	398
174	8
185	121
192	18
207	4
214	3
218	7
222	6
229	15
237	23
259	10
267	61
276	8
287	4
305	634
318	2
323	23
336	14
359	200
361	832
380	27
395	99
398	109
409	13
417	83
440	7
442	1260
443	709
450	1
452	90
481	6
507	84
510	1
518	131
541	2
543	62
557	5
566	31
577	200
578	4
594	3
595	58
606	67
626	14
634	77
636	729
638	287
642	50
647	27
655	62
666	34
681	274
712	69
718	60
722	201
723	629
725	102
735	7
740	7
761	32
779	14
790	12
795	2
797	5
813	8
815	6
816	6
826	3
827	8
834	20
844	10
849	92
850	58
851	1142
852	40
855	20
865	8
878	8
885	5
888	7
907	305
909	23
911	35
916	28
930	56
946	3
949	74
960	56
992	429
1046	1029
1048	23
1054	5
1059	2
1061	44
1076	17
1078	6
1091	1
1092	245
1100	230
1104	465
1122	7
1123	527
1134	129
1140	258
1146	12
1167	29
1190	13
1192	3
1202	2412
1205	6
1213	43
1252	50
1256	441
1260	152
1268	6
1289	926
1305	896
1313	25
1333	8
1340	7
1343	6
1356	2
1367	1027
1388	4
1406	2108
1407	4
1425	910
1430	8
1432	102
1444	9
1455	113
1464	9
1482	402
1484	20
1488	98
1500	44
1523	28
1554	6
1557	14
1559	10
1564	42
1600	136
1609	6
1615	1917
1629	40
1644	6
1668	280
1675	2
1731	6
1744	2439
1757	246
1779	4
1803	880
1807	48
1825	19
1832	1289
1845	81
1848	118
1851	98
1853	476
1868	10
1884	579
1889	25
1893	48
1896	9
1898	7
1901	1018
1903	2
1924	1
1944	14
1958	5
1966	4
1967	18
1983	789
1993	2
2014	15
2015	585
2028	40
2036	7
2039	8
2042	6
2043	521
2053	3
2058	1
2079	12
2083	33
2103	189
2104	335
2106	12
2110	23
2116	37
2130	115
2147	12
2160	15
2168	50
2193	13
2198	49
2212	712
2232	7
2235	119
2243	50
2251	335
2284	617
2290	1760
2298	4
2313	3
2316	112
2342	1571
2344	7
2352	228
2355	1
2356	128
2366	134
2375	357
2418	100
2430	1997
2432	20
2438	14
2460	637
2492	22
2503	105
2504	7
2506	36
2510	30
2512	216
2518	367
2528	678
2532	605
2544	6
2552	8
2560	2
2562	9
2565	7
2569	7
2597	39
2601	209
2604	2
2616	3
2621	15
2640	587
2642	11
2643	187
2658	57
2659	73
2660	2442
2666	11
2667	3
2675	735
2678	9
2682	11
2715	2
2718	2
2731	329
2745	1
2749	93
2755	873
2756	53
2757	743
2773	22
2786	1
2789	67
2794	44
2807	4
2808	104
2818	4
2859	13
2861	165
2866	943
2886	33
2905	504
2913	2025
2918	13
2925	6
2928	27
2931	19
2939	45
2954	252
2955	672
2985	41
2988	110
3022	4
3032	7
3033	5
3043	174
3044	13
3054	104
3057	59
3068	16
3073	51
3084	214
3094	3
3107	81
3135	355
3143	39
3147	284
3149	31
3151	1661
3164	20
3165	1552
3170	65
3176	32
3189	2
3192	395
3196	61
3200	39
3201	4
3220	147
3229	73
3232	511
3237	101
3243	19
3253	654
3257	1
3269	610
3271	1
3274	971
3281	10
3285	739
3290	2411
3298	3
3301	79
3316	46
3326	643
3330	4
3355	808
3359	6
3418	1146
3440	6
3486	27
3492	51
3498	12
3538	1882
3541	1211
3546	41
3559	82
3568	27
3584	20
3587	164
3590	321
3598	7
3613	61
3638	1657
3647	9
3652	21
3655	28
3658	7
3670	1047
3685	121
3702	12
3705	17
3706	9
3722	5
3727	11
3733	166
3734	83
3740	464
3742	617
3743	237
3760	45
3824	1012
3848	2
3861	1
3862	349
3874	3
3878	6
3881	60
3889	41
3890	472
3893	1210
3903	605
3904	10
3914	43
3928	281
3941	12
3943	52
3944	51
3955	169
3977	8
3978	49
3994	12
4002	4
4005	101
4008	21
4032	13
4042	124
4049	252
4061	22
4064	315
4095	16
4119	77
4122	51
4128	7
4129	40
4144	279
4152	24
4160	17
4189	58
4190	12
4207	419
4215	11
4218	16
4224	44
4238	49
4239	11
4257	41
4264	15
4268	44
4283	83
4299	105
4329	9
4346	147
4359	8
4385	68
4394	23
4405	208
4429	202
4432	2543
4439	12
4441	199
4445	1
4468	106
4485	164
4496	403
4513	5
4518	2
4544	6
4546	642
4552	93
4556	3
4563	98
4566	8
4569	63
4586	535
4613	11
4619	3
4627	412
4637	7
4640	3029
4645	19
4647	15
4685	562
4694	7
4737	8
4742	6
4750	5
4761	1023
4768	4
4837	9
4840	42
4847	1881
4849	839
4852	396
4858	15
4868	10
4876	650
4901	4
4902	160
4918	47
4921	4
4932	1388
4935	13
4943	269
4952	1
4963	23
4966	49
4981	97
4986	5
5008	30
5025	1134
5026	39
5027	4
5062	7
5069	1449
5096	62
5123	11
5129	20
5131	17
5142	1
5143	21
5149	415
5157	27
5159	1
5160	8
5175	25
5206	85
5220	267
5225	5
5267	10
5272	78
5284	16
5294	86
5311	14
5326	400
5327	885
5336	64
5337	6
5342	322
5361	27
5364	4
5367	361
5369	61
5408	13
5425	138
5426	28
5465	8
5474	78
5484	2
5485	30
5552	7
5556	38
5562	1024
5568	20
5577	211
5604	103
5607	828
5623	46
5640	72
5641	3
5651	708
5656	1050
5699	83
5700	277
5716	45
5727	1357
5748	6
5760	1403
5766	21
5785	8
5790	12
5799	107
5813	20
5814	1644
5827	19
5835	16
5849	3
5877	79
5883	16
5897	612
5898	40
5901	4
5921	4
5941	37
5943	204
5945	92
5958	156
5963	248
5966	4
5970	536
5979	12
6013	304
6014	295
6066	133
6069	4
6085	344
6086	11
6093	53
6103	10
6110	554
6121	4
6131	68
6136	11
6137	8
6140	8
6172	74
6177	259
6190	927
6200	12
6215	5
6220	94
6226	89
6228	30
6230	49
6234	207
6250	21
6252	3
6257	7
6260	3
6276	8
6277	1
6281	839
6285	17
6287	2739
6289	7
6291	243
6308	20
6315	204
6318	107
6334	145
6336	1201
6338	13
6347	1258
6354	3
6356	7
6358	2
6363	3
6389	44
6390	2
6395	31
6400	72
6405	2
6408	2636
6417	16
6424	111
6446	7
6448	25
6467	20
6480	8
6481	11
6482	2212
6522	4
6523	693
6529	135
6536	2
6541	114
6543	21
6550	10
6556	996
6562	4
6566	25
6567	22
6593	24
6611	62
6619	34
6629	4
6650	56
6663	8
6666	377
6668	7
6678	1
6680	9
6714	1
6737	11
6743	7
6748	42
6756	342
6830	5
6839	2
6871	9
6872	315
6885	1
6889	12
6892	25
6894	13
6901	9
6911	1376
6912	271
6914	35
6917	65
6919	31
6932	16
6939	16
6946	30
6965	49
6971	3344
6975	7
6979	20
6985	28
6988	686
6991	4
6998	4
7011	6
7016	4
7022	19
7061	4
7063	5
7067	1174
7068	2
7077	41
7084	5
7089	8
7109	2
7116	8
7132	11
7136	3
7145	1006
7147	73
7148	83
7186	232
7188	17
7238	174
7244	34
7247	30
7255	8
7257	303
7262	91
7273	42
7283	13
7292	9
7299	4
7329	8
7334	14
7339	13
7382	9
7386	9
7387	44
7400	39
7406	821
7408	6
7418	67
7437	15
7442	51
7445	235
7458	7
7466	14
7476	5
7495	36
7503	17
7505	23
7511	2321
7512	4
7516	194
7517	605
7518	22
7524	255
7527	4
7537	45
7544	841
7551	4
7557	35
7567	4
7569	214
7571	53
7577	182
7587	38
7607	286
7625	14
7638	57
7656	10
7681	24
7698	31
7721	12
7726	9
7736	110
7747	3
7763	248
7770	17
7776	45
7801	24
7802	4
7806	1
7812	184
7822	11
7823	5
7838	1
7858	9
7868	25
7899	628
7901	6
7903	56
7906	10
7916	3
7919	164
7921	7
7923	6
7931	4
7939	75
7950	8
7973	108
7991	807
8007	15
8008	9
8017	97
8023	10
8029	64
8039	94
8051	292
8052	26
8072	45
8085	8
8096	53
8107	1825
8121	2
8128	49
8162	130
8163	281
8166	135
8182	6
8200	17
8220	1
8307	47
8315	39
8341	6
8352	10
8354	245
8365	11
8384	673
8390	4
8392	42
8401	3
8422	1
8428	589
8435	8
8448	28
8452	30
8458	4
8488	18
8491	5
8493	420
8495	1
8512	1255
8526	704
8534	17
8537	6
8561	8
8566	13
8582	7
8594	8
8596	2827
8628	8
8654	84
8657	1
8661	5
8677	669
8678	226
8692	4
8697	14
8699	355
8703	63
8738	5
8766	3
8770	56
8781	87
8804	10
8825	223
8842	12
8849	134
8851	1516
8867	233
8889	63
8896	5
8905	12
8915	2785
8919	24
8920	67
8921	2
8933	8
8951	25
8977	145
8994	15
9025	13
9028	120
9043	1165
9046	14
9059	51
9087	247
9093	9
9130	12
9131	572
9152	129
9186	3
9187	14
9199	54
9202	51
9230	48
9237	220
9256	60
9310	253
9324	15
9337	103
9343	18
9376	5
9401	5
9404	4
9410	140
9421	75
9422	31
9423	31
9481	1349
9482	68
9492	4
9517	225
9518	452
9528	1340
9537	10
9550	109
9551	10
9567	134
9568	19
9600	1
9602	3
9607	4
9612	7
9617	1784
9620	10
9629	26
9632	3
9640	5
9650	6
9672	62
9681	654
9689	1723
9691	9
9696	1
9697	6
9699	42
9701	31
9716	11
9717	297
9719	10
9720	3
9728	2688
9730	1
9735	8
9744	7
9747	48
9750	14
9752	28
9798	919
9805	473
9817	9
9819	59
9824	51
9831	46
9843	28
9854	7
9855	13
9867	10
9875	42
9885	7
9890	6
9897	1
9920	5
9930	5
9945	6
9946	537
9967	13
9973	3
9989	5
9993	9
9997	78
10006	4
10019	226
10024	225
10025	1
10034	6
10048	2
10077	28
10080	807
10082	346
10089	9
10100	150
10104	25
10108	20
10109	661
10127	14
10187	1
10188	4
10194	4
10195	4
10219	5
10237	5
10248	3
10255	833
10284	74
10319	3
10321	46
10349	36
10350	16
10354	18
10368	8
10391	6
10404	5
10428	1340
10429	1249
10462	13
10493	51
10522	57
10540	7
10561	259
10572	4
10576	101
10578	8
10595	1
10659	15
10662	499
10670	4
10676	14
10686	200
10692	37
10712	587
10721	471
10733	198
10734	1184
10735	10
10743	15
10747	970
10750	109
10757	78
10762	11
10774	1664
10777	14
10781	4
10792	68
10800	35
10810	42
10826	4
10835	1165
10836	141
10845	1
10846	167
10851	208
10870	1
10889	1101
10900	6
10903	169
10921	1166
10926	106
10939	18
10947	2700
10959	27
10992	4
11003	12
11007	19
11009	3
11011	9
11021	4
11025	191
11027	5
11034	44
11041	3
11048	2
11054	4
11056	14
11076	41
11080	516
11086	10
11088	58
11098	19
11107	26
11124	85
11133	3
11158	55
11159	5
11177	6
11182	2112
11197	16
11213	387
11232	3
11235	3
11236	346
11237	81
11238	8
11240	15
11245	50
11253	15
11259	57
11261	39
11284	4
11286	148
11288	5
11292	254
11294	4
11295	138
11307	254
11312	4
11317	108
11319	5
11330	15
11340	206
11344	6
11347	288
11348	20
11352	49
11376	677
11380	6
11391	108
11395	7
11408	19
11412	60
11418	6
11436	7
11442	307
11463	26
11493	4
11496	314
11505	9
11510	4
11511	19
11513	13
11536	3
11563	75
11567	37
11613	918
11614	237
11616	17
11631	8
11637	15
11638	1067
11651	473
11657	5
11673	887
11686	2
11688	135
11689	2
11690	151
11723	13
11732	374
11757	5
11766	5
11775	354
11786	13
11806	32
11812	1886
11829	577
11835	7
11837	1914
11839	52
11851	152
11866	3
11867	6
11884	155
11887	240
11888	1837
11902	26
11908	106
11951	3
11952	20
11965	60
11966	4
12010	18
12100	95
12123	6
12125	131
12133	10
12156	8
12159	26
12170	8
12178	23
12180	63
12184	913
12189	15
12199	4
12230	20
12232	2029
12243	925
12246	902
12273	63
12275	420
12276	3
12280	1662
12291	52
12292	368
12293	2730
12298	206
12336	355
12348	7
12355	1650
12372	25
12386	8
12391	259
12396	14
12413	37
12419	6
12421	13
12422	7
12423	91
12432	78
12452	29
12455	9
12472	23
12482	166
12488	56
12496	22
12497	1478
12503	56
12504	11
12538	211
12544	5
12589	12
12604	26
12606	9
12607	27
12623	61
12627	71
12634	23
12639	607
12653	28
12661	917
12679	159
12682	353
12683	86
12695	5
12700	14
12705	5
12709	5
12733	7
12755	11
12757	12
12760	96
12775	2
12778	2071
12780	3
12793	50
12795	239
12798	238
12812	51
12822	51
12824	109
12847	19
12852	48
12855	44
12863	5
12875	185
12887	1
12894	555
12912	19
12920	18
12936	3
12946	24
12948	49
12952	7
12957	4
12977	14
12993	47
13015	1973
13022	13
13032	3
13046	63
13055	90
13059	78
13099	10
13107	427
13110	4
13137	5
13145	2
13150	4
13154	38
13186	70
13188	4
13199	35
13212	75
13215	7
13218	8
13235	20
13242	61
13262	7
13270	371
13288	113
13289	4
13298	1658
13299	5
13305	1
13326	296
13328	204
13334	18
13339	18
13360	11
13377	30
13387	4
13431	3
13438	11
13451	901
13456	9
13461	13
13464	5
13477	388
13485	85
13489	75
13507	3
13519	576
13561	135
13563	4
13565	218
13569	60
13587	18
13589	6
13590	4
13601	58
13604	68
13606	5
13608	35
13614	2324
13632	8
13633	69
13636	2084
13638	103
13651	2234
13674	54
13677	8
13680	3
13682	4
13686	26
13744	9
13748	1612
13758	12
13760	15
13769	2
13783	29
13787	1086
13802	19
13823	2
13828	3
13831	19
13835	140
13838	35
13853	381
13858	42
13861	8
13877	28
13878	61
13887	1002
13899	11
13905	32
13909	30
13911	6
13912	45
13927	335
13934	242
13938	28
13964	273
13965	15
13989	5
14013	163
14070	22
14072	483
14075	76
14077	2
14079	11
14086	143
14088	224
14089	2
14096	212
14099	5
14136	12
14137	583
14144	881
14154	316
14169	56
14171	11
14177	116
14185	2022
14189	32
14198	1336
14199	319
14203	1225
14209	1537
14216	125
14231	9
14234	34
14244	12
14248	358
14255	7
14258	80
14272	103
14279	4
14282	3
14283	504
14290	12
14292	11
14314	5
14317	786
14320	363
14324	9
14329	8
14335	256
14347	7
14354	4
14361	28
14372	52
14380	8
14386	3
14392	3
14407	1266
14429	15
14430	155
14442	5
14457	1002
14459	1739
14462	7
14469	7
14470	13
14484	1801
14492	17
14496	108
14503	17
14505	240
14506	78
14518	1
14537	40
14551	28
14552	52
14560	14
14575	8
14594	4
14611	2
14643	67
14645	6
14648	290
14712	1913
14716	403
14720	44
14722	3
14732	63
14738	413
14740	1
14775	7
14793	16
14800	15
14807	43
14808	99
14810	64
14826	12
14859	54
14902	9
14904	113
14930	21
14941	18
14947	16
14957	3
14962	11
14983	260
14995	3
15005	7
15033	161
15040	30
15051	5
15060	6
15071	59
15074	8
15083	1
15085	9
15115	10
15121	4
15122	33
15142	7
15150	21
15152	70
15153	188
15160	183
15165	72
15175	3
15183	298
15192	1
15201	73
15202	8
15213	14
15214	10
15216	47
15222	20
15223	448
15228	4
15234	885
15246	796
15251	27
15257	275
15272	154
15276	86
15331	14
15338	3
15371	10
15378	259
15409	1147
15410	120
15413	2
15428	19
15438	6
15449	539
15464	103
15469	8
15475	128
15478	1
15480	9
15496	949
15507	78
15510	4
15515	77
15516	107
15527	7
15529	464
15532	1072
15536	5
15539	46
15547	87
15557	444
15567	33
15568	265
15576	195
15582	2163
15592	152
15610	7
15629	4
15632	15
15648	6
15657	359
15662	955
15670	1
15676	28
15687	4
15691	4
15707	38
15712	730
15714	11
15716	127
15726	12
15731	6
15741	126
15754	13
15763	7
15772	84
15785	2
15808	233
15816	1146
15820	251
15830	160
15836	321
15841	203
15842	1
15855	63
15911	35
15915	15
15929	108
15946	20
15951	1
15955	764
15961	4
15962	166
15981	14
15982	8
15992	10
15993	2
15998	22
16000	6
16001	3
16018	3
16022	271
16035	9
16042	7
16046	147
16055	8
16066	15
16082	1776
16091	3
16112	5
16120	1
16122	3
16127	11
16129	20
16131	7
16132	12
16135	18
16147	1453
16150	1036
16153	98
16157	8
16162	65
16169	1017
16188	4
16231	1
16232	224
16243	18
16246	49
16247	47
16252	19
16256	2
16262	754
16277	8
16283	209
16286	1752
16300	87
16311	92
16329	181
16335	29
16342	11
16344	485
16349	253
16396	36
16422	6
16444	138
16451	5
16456	7
16467	6
16477	7
16488	7
16494	20
16506	32
16540	13
16545	26
16554	30
16555	25
16559	38
16563	26
16572	427
16589	55
16599	10
16606	772
16629	125
16663	25
16670	106
16685	27
16689	9
16705	171
16707	2117
16726	3
16731	125
16733	133
16741	34
16762	6
16770	417
16784	405
16787	3
16788	954
16790	331
16797	37
16820	7
16830	10
16849	5
16854	32
16869	435
16889	253
16902	12
16904	3
16906	4
16915	28
16931	381
16933	3
16948	937
16955	14
16970	278
16975	46
16982	98
16986	154
16988	7
16993	33
16999	3
17020	55
17056	30
17074	6
17082	18
17085	856
17087	31
17090	1
17104	291
17107	49
17124	1
17137	6
17174	689
17182	35
17196	150
17203	94
17232	10
17255	5
17290	88
17304	14
17310	15
17324	1874
17326	3
17334	71
17337	9
17338	282
17344	17
17348	48
17358	609
17394	8
17411	385
17423	168
17447	16
17454	25
17466	31
17515	12
17522	43
17523	12
17534	3
17536	194
17551	9
17554	61
17556	21
17558	738
17561	111
17574	714
17616	10
17624	173
17626	12
17635	17
17640	6
17642	137
17650	66
17653	194
17654	252
17689	2
17693	216
17706	22
17725	167
17728	9
17734	3
17741	95
17742	25
